0.0000 1.2413
1.0204 5.1485
2.0408 2.5423
3.0612 7.1105
4.0816 10.9893
5.1020 13.5526
6.1224 14.8026
7.1429 17.5255
8.1633 21.7135
9.1837 22.5961
10.2041 28.9382
11.2245 33.7951
12.2449 43.9549
13.2653 47.5783
14.2857 55.7489
15.3061 63.5564
16.3265 70.3077
17.3469 76.9725
18.3673 85.4383
19.3878 98.3940
20.4082 108.9044
21.4286 116.0489
22.4490 126.1270
23.4694 141.3247
24.4898 155.8719
25.5102 167.8070
26.5306 182.5256
27.5510 192.8316
28.5714 204.8550
29.5918 225.0603
30.6122 236.0253
31.6327 254.6992
32.6531 271.6426
33.6735 285.7578
34.6939 305.4103
35.7143 321.4685
36.7347 341.0284
37.7551 362.7885
38.7755 381.6830
39.7959 396.9444
40.8163 420.1176
41.8367 437.9482
42.8571 464.9461
43.8776 485.1388
44.8980 506.3352
45.9184 528.4326
46.9388 553.5379
47.9592 581.5867
48.9796 600.7681
50.0000 631.4473
