1.0000 0.3354 0.5623 0.9873
2.0000 1.1413 0.4543 0.6011
3.0000 1.4690 0.8400 0.7560
4.0000 1.6139 1.4247 0.2521
5.0000 1.3779 1.1867 0.7743
6.0000 1.3072 1.0764 0.9783
7.0000 2.0701 1.0307 0.4525
8.0000 2.5848 1.4051 1.3997
9.0000 2.4622 1.5876 1.0077
10.0000 2.3363 1.9355 1.3000
11.0000 2.8906 2.1020 1.3307
12.0000 3.2931 2.3503 0.6852
13.0000 3.1408 2.6287 1.0117
14.0000 3.3346 2.7302 1.5925
15.0000 3.6520 2.9093 1.1198
16.0000 3.9871 2.6655 0.9944
17.0000 3.8639 2.9341 1.5460
18.0000 4.5320 3.2513 1.2490
19.0000 3.9356 3.2174 1.4407
20.0000 5.0823 3.4581 1.7419
21.0000 5.2712 3.5439 1.8395
22.0000 4.9300 3.1760 1.3768
23.0000 5.3663 3.5105 1.8169
24.0000 4.9767 3.3689 1.4077
25.0000 6.1003 3.7240 1.7190
26.0000 6.2415 3.6219 2.3310
27.0000 6.3767 4.4985 1.8660
28.0000 5.8461 4.3958 1.6173
29.0000 6.0793 4.2825 2.2372
30.0000 7.0913 4.8469 2.4405
31.0000 7.1071 4.8448 2.0821
32.0000 7.5639 4.7884 1.9013
33.0000 6.9365 5.1274 2.6696
34.0000 7.4169 4.8390 2.4199
35.0000 7.4744 5.2414 2.0440
36.0000 8.0673 5.7950 2.6712
37.0000 8.2189 5.4547 2.8607
38.0000 8.6873 5.7663 2.6298
39.0000 8.1438 5.8374 2.9988
40.0000 8.9746 5.6447 2.5669
41.0000 8.6556 6.4056 2.6898
42.0000 8.8845 5.8359 2.4047
43.0000 9.4879 6.0607 2.9262
44.0000 9.2960 6.5790 3.3394
45.0000 9.3997 7.0383 2.4736
46.0000 10.4353 6.8470 3.2773
47.0000 10.1104 7.0124 3.3255
48.0000 10.7802 6.6345 3.0345
49.0000 10.3977 7.0015 3.5202
50.0000 10.3942 7.6742 2.7749
